x <- 100
y <-345230
x+y
